although
because
besides
despite
except
how
if
since
unless
upon
when
whenever
where
whereas
whether
while
why


[16, 114, 13, 61, 117, 120, 82, 45, 63, 59, 110, 96, 7, 89, 9, 41, 99, 30, 18, 85, 28, 116, 84, 22, 87, 71, 98, 64, 81, 8, 55, 24, 14, 86, 11, 109, 107, 34, 19, 37, 111, 75, 27, 80, 31, 104, 35, 52, 49, 32, 106, 108, 47, 70, 112, 12, 48, 105, 83, 78, 38, 6, 115, 92, 88, 15, 46, 53, 60, 69, 44, 73, 79, 103, 74, 121, 94, 40, 33, 95, 77, 102, 21, 50, 42, 90, 39, 10, 29, 54, 56, 93, 101, 26, 57, 67, 97, 119, 91]